Media: 0.1270780360985611
Std: 3.2220429624963787
Asimetría: -0.050917463365325315
Curtosis: -0.06102752286356239
ADF p-valor: 0.0
